[10]    0.159024  0.000357  0.000266  0.000268  0.000266  0.000271  0.000344  0.000267  0.000363
[11]    0.159034  0.000359  0.000266  0.000268  0.000266  0.000273  0.000346  0.000269  0.000367  0.000003
[12]    0.159022  0.000359  0.000266  0.000268  0.000266  0.000275  0.000346  0.000269  0.000365  0.000004  0.000006
[13]    0.159061  0.000362  0.000270  0.000272  0.000270  0.000278  0.000349  0.000272  0.000370  0.000009  0.000010  0.000010
[14]    0.159015  0.000357  0.000265  0.000266  0.000265  0.000273  0.000344  0.000267  0.000365  0.000004  0.000004  0.000004  0.000008
[15]    0.159080  0.000098  0.000006  0.000008  0.000006  0.000021  0.000085  0.000009  0.000106  0.000263  0.000264  0.000266  0.000270  0.000265
[16]    0.159115  0.000064  0.000116  0.000118  0.000116  0.000132  0.000033  0.000117  0.000060  0.000375  0.000378  0.000377  0.000381  0.000376  0.000118
[17]    0.159062  0.000096  0.000004  0.000006  0.000004  0.000019  0.000083  0.000006  0.000102  0.000265  0.000266  0.000266  0.000270  0.000265  0.000006  0.000115
[18]    0.159070  0.000098  0.000006  0.000008  0.000006  0.000021  0.000084  0.000008  0.000105  0.000263  0.000263  0.000266  0.000269  0.000264  0.000003  0.000118  0.000006
[19]    0.159099  0.000100  0.000008  0.000009  0.000008  0.000023  0.000086  0.000010  0.000107  0.000265  0.000265  0.000268  0.000267  0.000266  0.000005  0.000120  0.000008  0.000004
[20]    0.159061  0.000095  0.000003  0.000005  0.000003  0.000021  0.000082  0.000006  0.000103  0.000263  0.000263  0.000263  0.000266  0.000261  0.000003  0.000115  0.000003  0.000003  0.000004
[21]    0.159063  0.000096  0.000004  0.000006  0.000004  0.000021  0.000083  0.000006  0.000103  0.000266  0.000266  0.000266  0.000270  0.000265  0.000006  0.000116  0.000004  0.000006  0.000008  0.000003
[22]    0.163709  0.000652  0.000566  0.000568  0.000566  0.000584  0.000641  0.000570  0.000655  0.000828  0.000829  0.000833  0.000828  0.000829  0.000565  0.000654  0.000568  0.000564  0.000564  0.000563  0.000566
